-9.399333296730961962e+00,2.999999999999999556e+00,0.000000000000000000e+00
-6.931717381699471048e+00,2.999999999999999556e+00,0.000000000000000000e+00
-4.464101466667980134e+00,2.999999999999999556e+00,0.000000000000000000e+00
-4.432045008837859790e+00,2.999828725696082721e+00,0.000000000000000000e+00
-4.399992211306074985e+00,2.999314922340923673e+00,0.000000000000000000e+00
-4.367946733953013805e+00,2.998458648602063459e+00,0.000000000000000000e+00
-4.335912235823229821e+00,2.997260002251294519e+00,0.000000000000000000e+00
-4.303892374707633195e+00,2.995719120153496728e+00,0.000000000000000000e+00
-4.271890806725840761e+00,2.993836178251008562e+00,0.000000000000000000e+00
-4.239911185908707303e+00,2.991611391543540055e+00,0.000000000000000000e+00
-4.207957163781094856e+00,2.989045014063619998e+00,0.000000000000000000e+00
-4.176032388944934226e+00,2.986137338847594247e+00,0.000000000000000000e+00
-4.144140506662619572e+00,2.982888697902160491e+00,0.000000000000000000e+00
-4.112285158440775135e+00,2.979299462166463019e+00,0.000000000000000000e+00
-4.080469981614461616e+00,2.975370041469738602e+00,0.000000000000000000e+00
-4.048698608931857734e+00,2.971100884484513482e+00,0.000000000000000000e+00
-4.016974668139456917e+00,2.966492478675384792e+00,0.000000000000000000e+00
-3.985301781567842205e+00,2.961545350243349528e+00,0.000000000000000000e+00
-3.953683565718082438e+00,2.956260064065727278e+00,0.000000000000000000e+00
-3.922123630848782572e+00,2.950637223631658035e+00,0.000000000000000000e+00
-3.890625580563863206e+00,2.944677470973195987e+00,0.000000000000000000e+00
-3.859193011401079954e+00,2.938381486592000158e+00,0.000000000000000000e+00
-3.827829512421370151e+00,2.931749989381631671e+00,0.000000000000000000e+00
-3.796538664799036678e+00,2.924783736545470525e+00,0.000000000000000000e+00
-3.765324041412844380e+00,2.917483523510253196e+00,0.000000000000000000e+00
-3.734189206438053965e+00,2.909850183835249737e+00,0.000000000000000000e+00
-3.703137714939457759e+00,2.901884589117087909e+00,0.000000000000000000e+00
-3.672173112465450640e+00,2.893587648890227015e+00,0.000000000000000000e+00
-3.641298934643188989e+00,2.884960310523108529e+00,0.000000000000000000e+00
-3.610518706774882514e+00,2.876003559109981289e+00,0.000000000000000000e+00
-3.579835943435267787e+00,2.866718417358422144e+00,0.000000000000000000e+00
-3.549254148070298598e+00,2.857105945472556474e+00,0.000000000000000000e+00
-3.518776812597118386e+00,2.847167241032006135e+00,0.000000000000000000e+00
-3.488407417005338740e+00,2.836903438866559934e+00,0.000000000000000000e+00
-3.458149428959687022e+00,2.826315710926599944e+00,0.000000000000000000e+00
-3.428006303404056876e+00,2.815405266149280994e+00,0.000000000000000000e+00
-3.397981482167014011e+00,2.804173350320493086e+00,0.000000000000000000e+00
-3.368078393568795015e+00,2.792621245932612517e+00,0.000000000000000000e+00
-3.338300452029857812e+00,2.780750272038065241e+00,0.000000000000000000e+00
-3.308651057681007757e+00,2.768561784098710454e+00,0.000000000000000000e+00
-3.279133595975164628e+00,2.756057173831075069e+00,0.000000000000000000e+00
-3.249751437300798962e+00,2.743237869047437272e+00,0.000000000000000000e+00
-3.220507936597094556e+00,2.730105333492799602e+00,0.000000000000000000e+00
-3.191406432970868234e+00,2.716661066677752423e+00,0.000000000000000000e+00
-3.162450249315305939e+00,2.702906603707257549e+00,0.000000000000000000e+00
-3.133642691930540014e+00,2.688843515105360016e+00,0.000000000000000000e+00
-3.104987050146130301e+00,2.674473406635868411e+00,0.000000000000000000e+00
-3.076486595945474356e+00,2.659797919119000209e+00,0.000000000000000000e+00
-3.048144583592211188e+00,2.644818728244027195e+00,0.000000000000000000e+00
-3.019964249258631828e+00,2.629537544377943181e+00,0.000000000000000000e+00
-2.991948810656166913e+00,2.613956112370167784e+00,0.000000000000000000e+00
-2.964101466667980578e+00,2.598076211353315568e+00,0.000000000000000000e+00
-2.921283589542103432e+00,2.573355298468562591e+00,0.000000000000000000e+00
-2.878465712416226285e+00,2.548634385583808726e+00,0.000000000000000000e+00
-2.835647835290349139e+00,2.523913472699055305e+00,0.000000000000000000e+00
-2.792829958164471993e+00,2.499192559814301884e+00,0.000000000000000000e+00
-2.750012081038594403e+00,2.474471646929548019e+00,0.000000000000000000e+00
-2.707194203912717700e+00,2.449750734044795042e+00,0.000000000000000000e+00
-2.664376326786840554e+00,2.425029821160041177e+00,0.000000000000000000e+00
-2.621558449660962964e+00,2.400308908275287756e+00,0.000000000000000000e+00
-2.578740572535086262e+00,2.375587995390534335e+00,0.000000000000000000e+00
-2.535922695409209116e+00,2.350867082505780914e+00,0.000000000000000000e+00
-2.493104818283331525e+00,2.326146169621027049e+00,0.000000000000000000e+00
-2.450286941157454823e+00,2.301425256736274072e+00,0.000000000000000000e+00
-2.407469064031577677e+00,2.276704343851520207e+00,0.000000000000000000e+00
-2.364651186905700087e+00,2.251983430966766786e+00,0.000000000000000000e+00
-2.321833309779823384e+00,2.227262518082013365e+00,0.000000000000000000e+00
-2.279015432653946238e+00,2.202541605197259500e+00,0.000000000000000000e+00
-2.236197555528068648e+00,2.177820692312506523e+00,0.000000000000000000e+00
-2.193379678402191946e+00,2.153099779427752658e+00,0.000000000000000000e+00
-2.150561801276314799e+00,2.128378866542999237e+00,0.000000000000000000e+00
-2.107743924150437209e+00,2.103657953658245816e+00,0.000000000000000000e+00
-2.064926047024560507e+00,2.078937040773492395e+00,0.000000000000000000e+00
-2.022108169898682917e+00,2.054216127888738530e+00,0.000000000000000000e+00
-1.979290292772805770e+00,2.029495215003985553e+00,0.000000000000000000e+00
-1.936472415646928846e+00,2.004774302119231688e+00,0.000000000000000000e+00
-1.893654538521051478e+00,1.980053389234478267e+00,0.000000000000000000e+00
-1.850836661395174332e+00,1.955332476349724846e+00,0.000000000000000000e+00
-1.808018784269297186e+00,1.930611563464971203e+00,0.000000000000000000e+00
-1.765200907143420039e+00,1.905890650580217782e+00,0.000000000000000000e+00
-1.722383030017542893e+00,1.881169737695464139e+00,0.000000000000000000e+00
-1.679565152891665525e+00,1.856448824810710718e+00,0.000000000000000000e+00
-1.636747275765788601e+00,1.831727911925957297e+00,0.000000000000000000e+00
-1.593929398639911454e+00,1.807006999041203654e+00,0.000000000000000000e+00
-1.551111521514034086e+00,1.782286086156450233e+00,0.000000000000000000e+00
-1.508293644388157162e+00,1.757565173271696812e+00,0.000000000000000000e+00
-1.465475767262280016e+00,1.732844260386943391e+00,0.000000000000000000e+00
-1.422657890136402647e+00,1.708123347502189748e+00,0.000000000000000000e+00
-1.379840013010525723e+00,1.683402434617436327e+00,0.000000000000000000e+00
-1.337022135884648577e+00,1.658681521732682684e+00,0.000000000000000000e+00
-1.294204258758771209e+00,1.633960608847929263e+00,0.000000000000000000e+00
-1.251386381632894285e+00,1.609239695963175620e+00,0.000000000000000000e+00
-1.208568504507017138e+00,1.584518783078422199e+00,0.000000000000000000e+00
-1.165750627381139770e+00,1.559797870193668778e+00,0.000000000000000000e+00
-1.122932750255262624e+00,1.535076957308915357e+00,0.000000000000000000e+00
-1.080114873129385256e+00,1.510356044424161714e+00,0.000000000000000000e+00
-1.037296996003508331e+00,1.485635131539408293e+00,0.000000000000000000e+00
-9.944791188776311852e-01,1.460914218654654873e+00,0.000000000000000000e+00
-9.516612417517539280e-01,1.436193305769901229e+00,0.000000000000000000e+00
-9.088433646258770038e-01,1.411472392885147809e+00,0.000000000000000000e+00
-8.660254874999997465e-01,1.386751480000394388e+00,0.000000000000000000e+00
-8.499478143980333522e-01,1.377583213987346733e+00,0.000000000000000000e+00
-8.337730918158825499e-01,1.368587269153692221e+00,0.000000000000000000e+00
-8.175031666297821742e-01,1.359764672682224340e+00,0.000000000000000000e+00
-8.011398965864715560e-01,1.351116431962321673e+00,0.000000000000000000e+00
-7.846851500910756450e-01,1.342643534474924127e+00,0.000000000000000000e+00
-7.681408059937624433e-01,1.334346947679777573e+00,0.000000000000000000e+00
-7.515087533752121685e-01,1.326227618904968875e+00,0.000000000000000000e+00
-7.347908913309133538e-01,1.318286475238752420e+00,0.000000000000000000e+00
-7.179891287543229694e-01,1.310524423423698570e+00,0.000000000000000000e+00
-7.011053841189015534e-01,1.302942349753154705e+00,0.000000000000000000e+00
-6.841415852590548852e-01,1.295541119970047061e+00,0.000000000000000000e+00
-6.670996691500112874e-01,1.288321579168029363e+00,0.000000000000000000e+00
-6.499815816866493234e-01,1.281284551694984675e+00,0.000000000000000000e+00
-6.327892774613131932e-01,1.274430841058900921e+00,0.000000000000000000e+00
-6.155247195406275962e-01,1.267761229836124492e+00,0.000000000000000000e+00
-5.981898792413538057e-01,1.261276479582001064e+00,0.000000000000000000e+00
-5.807867359052948375e-01,1.254977330743921371e+00,0.000000000000000000e+00
-5.633172766732921222e-01,1.248864502576773949e+00,0.000000000000000000e+00
-5.457834962583245630e-01,1.242938693060817945e+00,0.000000000000000000e+00
-5.281873967177499463e-01,1.237200578821987085e+00,0.000000000000000000e+00
-5.105309872247013603e-01,1.231650815054629255e+00,0.000000000000000000e+00
-4.928162838386765943e-01,1.226290035446695015e+00,0.000000000000000000e+00
-4.750453092753358919e-01,1.221118852107382358e+00,0.000000000000000000e+00
-4.572200926755453643e-01,1.216137855497241294e+00,0.000000000000000000e+00
-4.393426693736813271e-01,1.211347614360757774e+00,0.000000000000000000e+00
-4.214150806652323111e-01,1.206748675661408310e+00,0.000000000000000000e+00
-4.034393735737155651e-01,1.202341564519210149e+00,0.000000000000000000e+00
-3.854176006169449109e-01,1.198126784150758128e+00,0.000000000000000000e+00
-3.673518195726652169e-01,1.194104815811768194e+00,0.000000000000000000e+00
-3.492440932435925682e-01,1.190276118742125577e+00,0.000000000000000000e+00
-3.310964892218746791e-01,1.186641130113447407e+00,0.000000000000000000e+00
-3.129110796530099048e-01,1.183200264979164640e+00,0.000000000000000000e+00
-2.946899409992411734e-01,1.179953916227131305e+00,0.000000000000000000e+00
-2.764351538024620858e-01,1.176902454534762832e+00,0.000000000000000000e+00
-2.581488024466522258e-01,1.174046228326710573e+00,0.000000000000000000e+00
-2.398329749198787608e-01,1.171385563735078295e+00,0.000000000000000000e+00
-2.214897625758810995e-01,1.168920764562183079e+00,0.000000000000000000e+00
-2.031212598952771842e-01,1.166652112245867068e+00,0.000000000000000000e+00
-1.847295642464066856e-01,1.164579865827360727e+00,0.000000000000000000e+00
-1.663167756458504842e-01,1.162704261921706062e+00,0.000000000000000000e+00
-1.478849965186415927e-01,1.161025514690739113e+00,0.000000000000000000e+00
-1.294363314582074043e-01,1.159543815818634638e+00,0.000000000000000000e+00
-1.109728869860581585e-01,1.158259334490022274e+00,0.000000000000000000e+00
-9.249677131126113339e-02,1.157172217370664669e+00,0.000000000000000000e+00
-7.401009408971649661e-02,1.156282588590714422e+00,0.000000000000000000e+00
-5.551496618327354804e-02,1.155590549730537875e+00,0.000000000000000000e+00
-3.701349941870352850e-02,1.155096179809117940e+00,0.000000000000000000e+00
-1.850780634656824797e-02,1.154799535275030653e+00,0.000000000000000000e+00
2.700931869042108573e-17,1.154700650000000106e+00,0.000000000000000000e+00
3.146540765364338067e-03,1.154711873013401169e+00,0.000000000000000000e+00
6.292921412761786487e-03,1.154745541482499416e+00,0.000000000000000000e+00
9.438981832373728037e-03,1.154801653694007779e+00,0.000000000000000000e+00
1.258456193067664618e-02,1.154880206792545216e+00,0.000000000000000000e+00
1.572950163858922654e-02,1.154981196780781705e+00,0.000000000000000000e+00
1.887364091961758750e-02,1.155104618519640969e+00,0.000000000000000000e+00
2.201681977799945997e-02,1.155250465728563380e+00,0.000000000000000000e+00
2.515887826684528109e-02,1.155418730985824372e+00,0.000000000000000000e+00
2.829965649627772667e-02,1.155609405728912575e+00,0.000000000000000000e+00
3.143899464156828943e-02,1.155822480254965923e+00,0.000000000000000000e+00
3.457673295126972163e-02,1.156057943721264358e+00,0.000000000000000000e+00
3.771271175534566394e-02,1.156315784145782510e+00,0.000000000000000000e+00
4.084677147329560803e-02,1.156595988407798759e+00,0.000000000000000000e+00
4.397875262227583099e-02,1.156898542248564032e+00,0.000000000000000000e+00
4.710849582521442480e-02,1.157223430272025677e+00,0.000000000000000000e+00
5.023584181892180867e-02,1.157570635945612603e+00,0.000000000000000000e+00
5.336063146219542641e-02,1.157940141601075723e+00,0.000000000000000000e+00
5.648270574391740795e-02,1.158331928435386571e+00,0.000000000000000000e+00
5.960190579114653386e-02,1.158745976511695419e+00,0.000000000000000000e+00
6.271807287720258806e-02,1.159182264760344694e+00,0.000000000000000000e+00
6.583104842974392412e-02,1.159640770979941893e+00,0.000000000000000000e+00
6.894067403883609446e-02,1.160121471838488461e+00,0.000000000000000000e+00
7.204679146501324905e-02,1.160624342874567949e+00,0.000000000000000000e+00
7.514924264733034709e-02,1.161149358498590578e+00,0.000000000000000000e+00
7.824786971140663960e-02,1.161696491994095304e+00,0.000000000000000000e+00
8.134251497745900727e-02,1.162265715519108955e+00,0.000000000000000000e+00
8.443302096832598636e-02,1.162857000107563543e+00,0.000000000000000000e+00
8.751923041748162213e-02,1.163470315670770416e+00,0.000000000000000000e+00
9.060098627703772056e-02,1.164105630998950813e+00,0.000000000000000000e+00
9.367813172573594138e-02,1.164762913762824148e+00,0.000000000000000000e+00
9.675051017692767874e-02,1.165442130515253805e+00,0.000000000000000000e+00
9.981796528654286738e-02,1.166143246692948443e+00,0.000000000000000000e+00
1.028803409610449943e-01,1.166866226618220814e+00,0.000000000000000000e+00
1.059374813653748415e-01,1.167611033500803419e+00,0.000000000000000000e+00
1.089892309308804347e-01,1.168377629439721455e+00,0.000000000000000000e+00
1.120354343632331412e-01,1.169165975425220161e+00,0.000000000000000000e+00
1.150759366503303210e-01,1.169976031340750566e+00,0.000000000000000000e+00
1.181105830701834059e-01,1.170807755965011188e+00,0.000000000000000000e+00
1.211392191987914896e-01,1.171661106974045241e+00,0.000000000000000000e+00
1.241616909179988765e-01,1.172536040943393809e+00,0.000000000000000000e+00
1.271778444233384042e-01,1.173432513350307183e+00,0.000000000000000000e+00
1.301875262318575865e-01,1.174350478576009271e+00,0.000000000000000000e+00
1.331905831899290460e-01,1.175289889908018637e+00,0.000000000000000000e+00
1.361868624810440853e-01,1.176250699542527034e+00,0.000000000000000000e+00
1.391762116335889532e-01,1.177232858586831021e+00,0.000000000000000000e+00
1.421584785286040542e-01,1.178236317061819527e+00,0.000000000000000000e+00
1.451335114075240629e-01,1.179261023904518257e+00,0.000000000000000000e+00
1.481011588799013290e-01,1.180306926970687398e+00,0.000000000000000000e+00
1.510612699311089935e-01,1.181373973037475045e+00,0.000000000000000000e+00
2.058893811764036241e-01,1.201349449240233014e+00,0.000000000000000000e+00
2.598072948369807289e-01,1.220973261869186866e+00,0.000000000000000000e+00
3.128150109128404188e-01,1.240245410924337044e+00,0.000000000000000000e+00
3.649125294039825551e-01,1.259165896405682439e+00,0.000000000000000000e+00
4.160998503104071933e-01,1.277734718313224382e+00,0.000000000000000000e+00
4.663769736321143888e-01,1.295951876646961987e+00,0.000000000000000000e+00
5.157438993691041418e-01,1.313817371406896362e+00,0.000000000000000000e+00
5.642006275213763411e-01,1.331331202593026175e+00,0.000000000000000000e+00
6.117471580889309868e-01,1.348493370205351649e+00,0.000000000000000000e+00
6.583834910717683009e-01,1.365303874243873228e+00,0.000000000000000000e+00
7.041096264698880614e-01,1.381762714708591133e+00,0.000000000000000000e+00
7.489255642832903792e-01,1.397869891599504921e+00,0.000000000000000000e+00
7.928313045119751434e-01,1.413625404916614814e+00,0.000000000000000000e+00
8.358268471559425761e-01,1.429029254659920811e+00,0.000000000000000000e+00
8.779121922151923441e-01,1.444081440829422913e+00,0.000000000000000000e+00
9.190873396897246694e-01,1.458781963425120454e+00,0.000000000000000000e+00
9.593522895795395522e-01,1.473130822447014321e+00,0.000000000000000000e+00
9.987070418846366593e-01,1.487128017895103849e+00,0.000000000000000000e+00
1.037151596605016657e+00,1.500773549769389481e+00,0.000000000000000000e+00
1.074685953740678990e+00,1.514067418069870996e+00,0.000000000000000000e+00
1.111310113291623880e+00,1.527009622796549060e+00,0.000000000000000000e+00
1.147024075257851328e+00,1.539600163949422784e+00,0.000000000000000000e+00
1.181827839639361333e+00,1.551839041528492613e+00,0.000000000000000000e+00
1.215721406436153673e+00,1.563726255533758103e+00,0.000000000000000000e+00
1.248704775648228793e+00,1.575261805965220141e+00,0.000000000000000000e+00
1.280777947275586026e+00,1.586445692822877618e+00,0.000000000000000000e+00
1.311940921318226261e+00,1.597277916106731421e+00,0.000000000000000000e+00
1.342193697776148609e+00,1.607758475816781107e+00,0.000000000000000000e+00
1.371536276649353736e+00,1.617887371953026898e+00,0.000000000000000000e+00
1.399968657937841199e+00,1.627664604515468572e+00,0.000000000000000000e+00
1.427490841641611219e+00,1.637090173504106128e+00,0.000000000000000000e+00
1.454102827760663574e+00,1.646164078918939566e+00,0.000000000000000000e+00
1.479804616294998931e+00,1.654886320759969776e+00,0.000000000000000000e+00
1.504596207244616624e+00,1.663256899027195201e+00,0.000000000000000000e+00
1.528477600609516651e+00,1.671275813720616732e+00,0.000000000000000000e+00
1.551448796389699014e+00,1.678943064840234367e+00,0.000000000000000000e+00
1.573509794585164379e+00,1.686258652386047885e+00,0.000000000000000000e+00
1.594660595195912078e+00,1.693222576358057951e+00,0.000000000000000000e+00
1.614901198221941891e+00,1.699834836756263456e+00,0.000000000000000000e+00
1.634231603663254928e+00,1.706095433580665066e+00,0.000000000000000000e+00
1.652651811519850078e+00,1.712004366831262558e+00,0.000000000000000000e+00
1.670161821791727785e+00,1.717561636508056155e+00,0.000000000000000000e+00
1.686761634478888050e+00,1.722767242611045857e+00,0.000000000000000000e+00
1.702451249581330206e+00,1.727621185140231441e+00,0.000000000000000000e+00
1.717230667099055808e+00,1.732123464095613352e+00,0.000000000000000000e+00
1.731099887032063744e+00,1.736274079477190702e+00,0.000000000000000000e+00
1.744058909380354017e+00,1.740073031284964156e+00,0.000000000000000000e+00
1.756107734143926402e+00,1.743520319518933936e+00,0.000000000000000000e+00
1.767246361322781789e+00,1.746615944179099378e+00,0.000000000000000000e+00
