-2.387430657369664089e-01,7.619999999999998996e-02,0.000000000000000000e+00
-1.760656214951665521e-01,7.619999999999998996e-02,0.000000000000000000e+00
-1.133881772533666815e-01,7.619999999999998996e-02,0.000000000000000000e+00
-1.125739432244816374e-01,7.619564963268049551e-02,0.000000000000000000e+00
-1.117598021671743075e-01,7.618259902745945500e-02,0.000000000000000000e+00
-1.109458470424065507e-01,7.616084967449240906e-02,0.000000000000000000e+00
-1.101321707899100277e-01,7.613040405718288217e-02,0.000000000000000000e+00
-1.093188663175738706e-01,7.609126565189881786e-02,0.000000000000000000e+00
-1.085060264908363631e-01,7.604343892757561840e-02,0.000000000000000000e+00
-1.076937441220811587e-01,7.598692934520591413e-02,0.000000000000000000e+00
-1.068821119600397995e-01,7.592174335721595113e-02,0.000000000000000000e+00
-1.060712226792013269e-01,7.584788840672888888e-02,0.000000000000000000e+00
-1.052611688692305369e-01,7.576537292671486901e-02,0.000000000000000000e+00
-1.044520430243956743e-01,7.567420633902816052e-02,0.000000000000000000e+00
-1.036439375330073243e-01,7.557439905333135366e-02,0.000000000000000000e+00
-1.028369446668691845e-01,7.546596246590664414e-02,0.000000000000000000e+00
-1.020311565707422014e-01,7.534890895835477664e-02,0.000000000000000000e+00
-1.012266652518231946e-01,7.522325189618107866e-02,0.000000000000000000e+00
-1.004235625692392886e-01,7.508900562726947281e-02,0.000000000000000000e+00
-9.962194022355908007e-02,7.494618548024410687e-02,0.000000000000000000e+00
-9.882188974632212519e-02,7.479480776271917042e-02,0.000000000000000000e+00
-9.802350248958742462e-02,7.463488975943680104e-02,0.000000000000000000e+00
-9.722686961550279505e-02,7.446644973029344083e-02,0.000000000000000000e+00
-9.643208208589552910e-02,7.428950690825494863e-02,0.000000000000000000e+00
-9.563923065188624506e-02,7.410408149716042614e-02,0.000000000000000000e+00
-9.484840584352656478e-02,7.391019466941534111e-02,0.000000000000000000e+00
-9.405969795946222956e-02,7.370786856357403050e-02,0.000000000000000000e+00
-9.327319705662244498e-02,7.349712628181176433e-02,0.000000000000000000e+00
-9.248899293993699533e-02,7.327799188728695290e-02,0.000000000000000000e+00
-9.170717515208201553e-02,7.305049040139352523e-02,0.000000000000000000e+00
-9.092783296325579467e-02,7.281464780090392275e-02,0.000000000000000000e+00
-9.015105536098558248e-02,7.257049101500293031e-02,0.000000000000000000e+00
-8.937693103996680044e-02,7.231804792221295519e-02,0.000000000000000000e+00
-8.860554839193560128e-02,7.205734734721061518e-02,0.000000000000000000e+00
-8.783699549557605346e-02,7.178841905753563513e-02,0.000000000000000000e+00
-8.707136010646304713e-02,7.151129376019173256e-02,0.000000000000000000e+00
-8.630872964704215666e-02,7.122600309814051955e-02,0.000000000000000000e+00
-8.554919119664738947e-02,7.093257964668835125e-02,0.000000000000000000e+00
-8.479283148155838945e-02,7.063105690976685669e-02,0.000000000000000000e+00
-8.403973686509759455e-02,7.032146931610724905e-02,0.000000000000000000e+00
-8.328999333776918035e-02,7.000385221530930346e-02,0.000000000000000000e+00
-8.254368650744028924e-02,6.967824187380490530e-02,0.000000000000000000e+00
-8.180090158956619673e-02,6.934467547071711258e-02,0.000000000000000000e+00
-8.106172339746005318e-02,6.900319109361491288e-02,0.000000000000000000e+00
-8.032623633260876916e-02,6.865382773416434103e-02,0.000000000000000000e+00
-7.959452437503571065e-02,6.829662528367613783e-02,0.000000000000000000e+00
-7.886667107371170271e-02,6.793162452855106004e-02,0.000000000000000000e+00
-7.814275953701504962e-02,6.755886714562260587e-02,0.000000000000000000e+00
-7.742287242324216723e-02,6.717839569739829375e-02,0.000000000000000000e+00
-7.670709193116924396e-02,6.679025362719975822e-02,0.000000000000000000e+00
-7.599549979066663741e-02,6.639448525420225955e-02,0.000000000000000000e+00
-7.528817725336670041e-02,6.599113576837421780e-02,0.000000000000000000e+00
-7.420060317436942554e-02,6.536322458110148392e-02,0.000000000000000000e+00
-7.311302909537215067e-02,6.473531339382873617e-02,0.000000000000000000e+00
-7.202545501637486192e-02,6.410740220655600230e-02,0.000000000000000000e+00
-7.093788093737758704e-02,6.347949101928326843e-02,0.000000000000000000e+00
-6.985030685838029829e-02,6.285157983201052068e-02,0.000000000000000000e+00
-6.876273277938302342e-02,6.222366864473778680e-02,0.000000000000000000e+00
-6.767515870038574854e-02,6.159575745746504599e-02,0.000000000000000000e+00
-6.658758462138845979e-02,6.096784627019230518e-02,0.000000000000000000e+00
-6.550001054239118492e-02,6.033993508291957131e-02,0.000000000000000000e+00
-6.441243646339391005e-02,5.971202389564683050e-02,0.000000000000000000e+00
-6.332486238439662130e-02,5.908411270837408968e-02,0.000000000000000000e+00
-6.223728830539934642e-02,5.845620152110135581e-02,0.000000000000000000e+00
-6.114971422640207155e-02,5.782829033382861500e-02,0.000000000000000000e+00
-6.006214014740478280e-02,5.720037914655587419e-02,0.000000000000000000e+00
-5.897456606840750792e-02,5.657246795928313338e-02,0.000000000000000000e+00
-5.788699198941023305e-02,5.594455677201039256e-02,0.000000000000000000e+00
-5.679941791041294430e-02,5.531664558473765869e-02,0.000000000000000000e+00
-5.571184383141566943e-02,5.468873439746491788e-02,0.000000000000000000e+00
-5.462426975241839455e-02,5.406082321019217707e-02,0.000000000000000000e+00
-5.353669567342110580e-02,5.343291202291944320e-02,0.000000000000000000e+00
-5.244912159442383093e-02,5.280500083564670238e-02,0.000000000000000000e+00
-5.136154751542654218e-02,5.217708964837396157e-02,0.000000000000000000e+00
-5.027397343642926730e-02,5.154917846110122770e-02,0.000000000000000000e+00
-4.918639935743199243e-02,5.092126727382848689e-02,0.000000000000000000e+00
-4.809882527843470368e-02,5.029335608655574608e-02,0.000000000000000000e+00
-4.701125119943742880e-02,4.966544489928301220e-02,0.000000000000000000e+00
-4.592367712044014699e-02,4.903753371201026445e-02,0.000000000000000000e+00
-4.483610304144286518e-02,4.840962252473753058e-02,0.000000000000000000e+00
-4.374852896244559031e-02,4.778171133746478977e-02,0.000000000000000000e+00
-4.266095488344830156e-02,4.715380015019204896e-02,0.000000000000000000e+00
-4.157338080445102668e-02,4.652588896291931508e-02,0.000000000000000000e+00
-4.048580672545375181e-02,4.589797777564657427e-02,0.000000000000000000e+00
-3.939823264645646306e-02,4.527006658837383346e-02,0.000000000000000000e+00
-3.831065856745918818e-02,4.464215540110109959e-02,0.000000000000000000e+00
-3.722308448846191331e-02,4.401424421382835878e-02,0.000000000000000000e+00
-3.613551040946462456e-02,4.338633302655561796e-02,0.000000000000000000e+00
-3.504793633046734969e-02,4.275842183928288409e-02,0.000000000000000000e+00
-3.396036225147007481e-02,4.213051065201013634e-02,0.000000000000000000e+00
-3.287278817247278606e-02,4.150259946473740247e-02,0.000000000000000000e+00
-3.178521409347551119e-02,4.087468827746466166e-02,0.000000000000000000e+00
-3.069764001447823284e-02,4.024677709019192084e-02,0.000000000000000000e+00
-2.961006593548095103e-02,3.961886590291918697e-02,0.000000000000000000e+00
-2.852249185648366922e-02,3.899095471564644616e-02,0.000000000000000000e+00
-2.743491777748638741e-02,3.836304352837370535e-02,0.000000000000000000e+00
-2.634734369848911253e-02,3.773513234110097148e-02,0.000000000000000000e+00
-2.525976961949183072e-02,3.710722115382823066e-02,0.000000000000000000e+00
-2.417219554049454891e-02,3.647930996655548985e-02,0.000000000000000000e+00
-2.308462146149727404e-02,3.585139877928275598e-02,0.000000000000000000e+00
-2.199704738249999222e-02,3.522348759201001517e-02,0.000000000000000000e+00
-2.158867448571004724e-02,3.499061363527860430e-02,0.000000000000000000e+00
-2.117783653212341674e-02,3.476211663650378286e-02,0.000000000000000000e+00
-2.076458043239646709e-02,3.453802268612849585e-02,0.000000000000000000e+00
-2.034895337329637593e-02,3.431835737184296686e-02,0.000000000000000000e+00
-1.993100281231332052e-02,3.410314577566306987e-02,0.000000000000000000e+00
-1.951077647224156580e-02,3.389241247106634936e-02,0.000000000000000000e+00
-1.908832233573038925e-02,3.368618152018620915e-02,0.000000000000000000e+00
-1.866368863980519960e-02,3.348447647106431169e-02,0.000000000000000000e+00
-1.823692387035980370e-02,3.328732035496194397e-02,0.000000000000000000e+00
-1.780807675662009898e-02,3.309473568373012820e-02,0.000000000000000000e+00
-1.737719626557999303e-02,3.290674444723919179e-02,0.000000000000000000e+00
-1.694433159641028572e-02,3.272336811086794250e-02,0.000000000000000000e+00
-1.650953217484089214e-02,3.254462761305260826e-02,0.000000000000000000e+00
-1.607284764751735345e-02,3.237054336289608286e-02,0.000000000000000000e+00
-1.563432787633194099e-02,3.220113523783756093e-02,0.000000000000000000e+00
-1.519402293273038572e-02,3.203642258138282572e-02,0.000000000000000000e+00
-1.475198309199448818e-02,3.187642420089559919e-02,0.000000000000000000e+00
-1.430825882750161836e-02,3.172115836545005840e-02,0.000000000000000000e+00
-1.386290080496144217e-02,3.157064280374477505e-02,0.000000000000000000e+00
-1.341595987663084764e-02,3.142489470207847357e-02,0.000000000000000000e+00
-1.296748707550741432e-02,3.128393070238758011e-02,0.000000000000000000e+00
-1.251753360950238515e-02,3.114776690034605500e-02,0.000000000000000000e+00
-1.206615085559353123e-02,3.101641884352750872e-02,0.000000000000000000e+00
-1.161339035395885129e-02,3.088990152962992758e-02,0.000000000000000000e+00
-1.115930380209150495e-02,3.076822940476324486e-02,0.000000000000000000e+00
-1.070394304889690090e-02,3.065141636179977147e-02,0.000000000000000000e+00
-1.024736008877237536e-02,3.053947573878793703e-02,0.000000000000000000e+00
-9.789607055670401098e-03,3.043242031742925818e-02,0.000000000000000000e+00
-9.330736217145696454e-03,3.033026232161890878e-02,0.000000000000000000e+00
-8.870799968387250989e-03,3.023301341604998915e-02,0.000000000000000000e+00
-8.409850826235616347e-03,3.014068470488156376e-02,0.000000000000000000e+00
-7.947941423186451193e-03,3.005328673047077959e-02,0.000000000000000000e+00
-7.485124501380725250e-03,2.997082947216913457e-02,0.000000000000000000e+00
-7.021452906582537415e-03,2.989332234518297243e-02,0.000000000000000000e+00
-6.556979582144966887e-03,2.982077419949844682e-02,0.000000000000000000e+00
-6.091757562964920068e-03,2.975319331887098934e-02,0.000000000000000000e+00
-5.625839969427380051e-03,2.969058741987944811e-02,0.000000000000000000e+00
-5.159280001340040521e-03,2.963296365104502172e-02,0.000000000000000000e+00
-4.692130931858730022e-03,2.958032859201496084e-02,0.000000000000000000e+00
-4.224446101404602354e-03,2.953268825281133575e-02,0.000000000000000000e+00
-3.756278911573496422e-03,2.949004807314477283e-02,0.000000000000000000e+00
-3.287682819038468228e-03,2.945241292179331949e-02,0.000000000000000000e+00
-2.818711329445877049e-03,2.941978709604656239e-02,0.000000000000000000e+00
-2.349417991306032832e-03,2.939217432121488116e-02,0.000000000000000000e+00
-1.879856389878799012e-03,2.936957775020414274e-02,0.000000000000000000e+00
-1.410080141055148001e-03,2.935199996315566301e-02,0.000000000000000000e+00
-9.401428852350695317e-04,2.933944296715159522e-02,0.000000000000000000e+00
-4.700982812028334907e-04,2.933190819598577997e-02,0.000000000000000000e+00
6.860366947366955846e-19,2.932939651000000120e-02,0.000000000000000000e+00
7.992213544025418429e-05,2.932968157454039076e-02,0.000000000000000000e+00
1.598402038841493784e-04,2.933053675365548257e-02,0.000000000000000000e+00
2.397501385422926826e-04,2.933196200382779881e-02,0.000000000000000000e+00
3.196478730391867857e-04,2.933395725253064995e-02,0.000000000000000000e+00
3.995293416201663216e-04,2.933652239823185404e-02,0.000000000000000000e+00
4.793904793582867371e-04,2.933965731039887836e-02,0.000000000000000000e+00
5.592272223611862445e-04,2.934336182950550778e-02,0.000000000000000000e+00
6.390355079778700913e-04,2.934763576703993890e-02,0.000000000000000000e+00
7.188112750054542538e-04,2.935247890551438005e-02,0.000000000000000000e+00
7.985504638958345908e-04,2.935789099847613617e-02,0.000000000000000000e+00
8.782490169622508315e-04,2.936387177052011271e-02,0.000000000000000000e+00
9.579028785857798172e-04,2.937042091730287380e-02,0.000000000000000000e+00
1.037507995421708398e-03,2.937753810555808823e-02,0.000000000000000000e+00
1.117060316605806040e-03,2.938522297311352283e-02,0.000000000000000000e+00
1.196555793960446404e-03,2.939347512890945133e-02,0.000000000000000000e+00
1.275990382200613889e-03,2.940229415301855859e-02,0.000000000000000000e+00
1.355360039139763811e-03,2.941167959666732279e-02,0.000000000000000000e+00
1.434660725895502056e-03,2.942163098225882012e-02,0.000000000000000000e+00
1.513888407095121845e-03,2.943214780339706294e-02,0.000000000000000000e+00
1.593039051080945550e-03,2.944322952491275694e-02,0.000000000000000000e+00
1.672108630115495646e-03,2.945487558289052593e-02,0.000000000000000000e+00
1.751093120586436677e-03,2.946708538469760413e-02,0.000000000000000000e+00
1.829988503211336590e-03,2.947985830901402732e-02,0.000000000000000000e+00
1.908790763242190639e-03,2.949319370586420130e-02,0.000000000000000000e+00
1.987495890669728656e-03,2.950709089665001783e-02,0.000000000000000000e+00
2.066099880427458863e-03,2.952154917418536514e-02,0.000000000000000000e+00
2.144598732595480103e-03,2.953656780273211310e-02,0.000000000000000000e+00
2.222988452604033206e-03,2.955214601803756586e-02,0.000000000000000000e+00
2.301265051436757886e-03,2.956828302737334740e-02,0.000000000000000000e+00
2.379424545833692690e-03,2.958497800957573393e-02,0.000000000000000000e+00
2.457462958493963120e-03,2.960223011508744673e-02,0.000000000000000000e+00
2.535376318278188736e-03,2.962003846600088849e-02,0.000000000000000000e+00
2.613160660410542881e-03,2.963840215610280548e-02,0.000000000000000000e+00
2.690812026680520965e-03,2.965732025092040341e-02,0.000000000000000000e+00
2.768326465644363119e-03,2.967679178776892399e-02,0.000000000000000000e+00
2.845700032826121648e-03,2.969681577580059184e-02,0.000000000000000000e+00
2.922928790918390227e-03,2.971739119605506380e-02,0.000000000000000000e+00
3.000008809982658391e-03,2.973851700151128319e-02,0.000000000000000000e+00
3.076936167649303895e-03,2.976019211714074630e-02,0.000000000000000000e+00
3.153706949317171358e-03,2.978241543996220167e-02,0.000000000000000000e+00
3.230317248352795705e-03,2.980518583909780306e-02,0.000000000000000000e+00
3.306763166289182834e-03,2.982850215583063291e-02,0.000000000000000000e+00
3.383040813024197364e-03,2.985236320366367255e-02,0.000000000000000000e+00
3.459146307018519731e-03,2.987676776838018786e-02,0.000000000000000000e+00
3.535075775493159642e-03,2.990171460810550630e-02,0.000000000000000000e+00
3.610825354626542773e-03,2.992720245337021634e-02,0.000000000000000000e+00
3.686391189751110891e-03,2.995323000717476161e-02,0.000000000000000000e+00
3.761769435549493917e-03,2.997979594505545756e-02,0.000000000000000000e+00
3.836956256250168094e-03,3.000689891515186808e-02,0.000000000000000000e+00
5.229590281880651739e-03,3.051427601070191842e-02,0.000000000000000000e+00
6.599105288859310678e-03,3.101272085147734753e-02,0.000000000000000000e+00
7.945501277186146211e-03,3.150223343747816235e-02,0.000000000000000000e+00
9.268778246861156603e-03,3.198281376870433512e-02,0.000000000000000000e+00
1.056893619788434185e-02,3.245446184515590055e-02,0.000000000000000000e+00
1.184597513025570543e-02,3.291717766683283086e-02,0.000000000000000000e+00
1.309989504397524561e-02,3.337096123373516771e-02,0.000000000000000000e+00
1.433069593904295891e-02,3.381581254586286250e-02,0.000000000000000000e+00
1.553837781545884707e-02,3.425173160321592913e-02,0.000000000000000000e+00
1.672294067322291355e-02,3.467871840579438147e-02,0.000000000000000000e+00
1.788438451233515664e-02,3.509677295359821259e-02,0.000000000000000000e+00
1.902270933279557458e-02,3.550589524662742247e-02,0.000000000000000000e+00
2.013791513460416738e-02,3.590608528488201806e-02,0.000000000000000000e+00
2.123000191776094198e-02,3.629734306836198549e-02,0.000000000000000000e+00
2.229896968226588450e-02,3.667966859706733862e-02,0.000000000000000000e+00
2.334481842811900534e-02,3.705306187099805665e-02,0.000000000000000000e+00
2.436754815532030452e-02,3.741752289015416039e-02,0.000000000000000000e+00
2.536715886386977162e-02,3.777305165453563596e-02,0.000000000000000000e+00
2.634365055376742051e-02,3.811964816414249030e-02,0.000000000000000000e+00
2.729702322501324774e-02,3.845731241897472341e-02,0.000000000000000000e+00
2.822727687760724635e-02,3.878604441903234223e-02,0.000000000000000000e+00
2.913441151154942330e-02,3.910584416431533983e-02,0.000000000000000000e+00
3.001842712683977510e-02,3.941671165482370925e-02,0.000000000000000000e+00
3.087932372347830523e-02,3.971864689055745745e-02,0.000000000000000000e+00
3.171710130146501022e-02,4.001164987151659136e-02,0.000000000000000000e+00
3.253175986079988313e-02,4.029572059770109016e-02,0.000000000000000000e+00
3.332329940148294478e-02,4.057085906911097467e-02,0.000000000000000000e+00
3.409171992351417435e-02,4.083706528574623795e-02,0.000000000000000000e+00
3.483702142689358572e-02,4.109433924760688001e-02,0.000000000000000000e+00
3.555920391162116501e-02,4.134268095469290083e-02,0.000000000000000000e+00
3.625826737769692609e-02,4.158209040700429349e-02,0.000000000000000000e+00
3.693421182512085510e-02,4.181256760454106491e-02,0.000000000000000000e+00
3.758703725389297284e-02,4.203411254730322899e-02,0.000000000000000000e+00
3.821674366401325851e-02,4.224672523529075796e-02,0.000000000000000000e+00
3.882333105548171903e-02,4.245040566850366570e-02,0.000000000000000000e+00
3.940679942829835442e-02,4.264515384694195221e-02,0.000000000000000000e+00
3.996714878246317160e-02,4.283096977060561750e-02,0.000000000000000000e+00
4.050437911797616364e-02,4.300785343949466849e-02,0.000000000000000000e+00
4.101849043483732360e-02,4.317580485360909132e-02,0.000000000000000000e+00
4.150948273304667230e-02,4.333482401294889291e-02,0.000000000000000000e+00
4.197735601260418892e-02,4.348491091751406634e-02,0.000000000000000000e+00
4.242211027350988733e-02,4.362606556730462548e-02,0.000000000000000000e+00
4.284374551576375367e-02,4.375828796232056339e-02,0.000000000000000000e+00
4.324226173936578793e-02,4.388157810256188007e-02,0.000000000000000000e+00
4.361765894431601787e-02,4.399593598802857553e-02,0.000000000000000000e+00
4.396993713061441572e-02,4.410136161872064281e-02,0.000000000000000000e+00
4.429909629826098844e-02,4.419785499463808887e-02,0.000000000000000000e+00
4.460513644725572907e-02,4.428541611578092063e-02,0.000000000000000000e+00
4.488805757759865844e-02,4.436404498214912423e-02,0.000000000000000000e+00
